14
ERR105098  0.000000 0.333074 4.079910 0.762911 0.552318 0.319547 0.289169 0.263076 0.304889 0.611753 0.290780 0.687169 0.491081 0.271673 
ERR1203957  0.333074 0.000000 4.243068 0.695475 0.521625 0.274198 0.325387 0.349902 0.309790 0.609261 0.363114 0.661201 0.429287 0.327615 
ERR1204051  4.079910 4.243068 0.000000 0.573495 0.610348 4.568634 4.059776 3.631566 3.619225 0.606837 3.433862 5.643014 5.322039 4.319612 
SRR1127723  0.762911 0.695475 0.573495 0.000000 0.325747 0.835830 0.727299 0.720223 0.686644 0.621384 0.677808 5.643014 5.322039 0.835573 
SRR1127727  0.552318 0.521625 0.610348 0.325747 0.000000 0.479254 0.526762 0.561611 0.526229 0.540250 0.551244 0.618705 0.647369 0.568726 
SRR1857277  0.319547 0.274198 4.568634 0.835830 0.479254 0.000000 0.317548 0.344416 0.304044 0.639008 0.363997 0.534388 0.397013 0.313614 
SRR292314  0.289169 0.325387 4.059776 0.727299 0.526762 0.317548 0.000000 0.291120 0.296132 0.565283 0.298861 0.963978 0.483317 0.109046 
SRR353927  0.263076 0.349902 3.631566 0.720223 0.561611 0.344416 0.291120 0.000000 0.304366 0.538155 0.289247 3.631566 0.547902 0.275476 
SRR629742  0.304889 0.309790 3.619225 0.686644 0.526229 0.304044 0.296132 0.304366 0.000000 0.514590 0.310290 1.354522 0.516035 0.304515 
SRR6482469  0.611753 0.609261 0.606837 0.621384 0.540250 0.639008 0.565283 0.538155 0.514590 0.000000 0.527426 2.699311 0.987376 0.685773 
SRR6486225  0.290780 0.363114 3.433862 0.677808 0.551244 0.363997 0.298861 0.289247 0.310290 0.527426 0.000000 3.433862 0.598049 0.304282 
SRR6488327  0.687169 0.661201 5.643014 5.643014 0.618705 0.534388 0.963978 3.631566 1.354522 2.699311 3.433862 0.000000 0.248983 0.474175
SRR7527504  0.491081 0.429287 5.322039 5.322039 0.647369 0.397013 0.483317 0.547902 0.516035 0.987376 0.598049 0.248983 0.000000 0.448502
SRR7969799  0.271673 0.327615 4.319612 0.835573 0.568726 0.313614 0.109046 0.275476 0.304515 0.685773 0.304282 0.474175 0.448502 0.000000
