((((ERR1203957:-0.00666,(SRR1857277:-0.15440,(SRR6488327:0.56536,
SRR7527504:-0.31638):0.49561):0.18353):0.12368,SRR7969799:0.02900):0.03618,
SRR292314:0.05107):0.07045,((((((ERR1204051:1.38191,SRR1127723:-0.80842):0.99593,
SRR6482469:-0.66856):0.53180,SRR1127727:-0.33471):0.54285,
SRR6486225:0.12652):0.02443,SRR353927:0.13914):0.02007,SRR629742:0.13004):0.03713,ERR105098:0.10747);
