"","Bacteroidales bacterium","Alistipes putredinis","Alistipes finegoldii","Alistipes onderdonkii","Alistipes shahii","Odoribacter splanchnicus","Parabacteroides distasonis","Parabacteroides merdae","Prevotella copri","Bacteroides fragilis","Bacteroides cellulosilyticus","Bacteroides stercoris","Bacteroides uniformis","Bacteroides thetaiotaomicron","Bacteroides xylanisolvens","Bacteroides caccae","Bacteroides vulgatus","Barnesiella intestinihominis","Akkermansia muciniphila","Dialister invivus","Phascolarctobacterium species","Eubacterium eligens","Eubacterium rectale","Oscillibacter species","Ruminococcus bromii","Ruminococcus bicirculans","Faecalibacterium prausnitzii"
"Bacteroidales bacterium",0,-3.71955301118248,-7.36603633613868,-28.4898710388034,-0.00267433695285035,-2.6486011202494,-21.8377963442199,-38.52403772158,-2.60300990641554,-65.4233111902095,-40.2922007739141,-17.7328130025485,-0.137620858117884,-12.4160550656075,-8.80003163985407,-36.9930359339764,-1.88940759924378,-17.6623184685811,-1.17447310980174,-4.25578609565082,-41.0755101905343,-0.0137524835140539,-1.93323940866412,-6.79596814858041,-0.255929379490453,-1.49410647074342,-5.36115780282648
"Alistipes putredinis",-3.71955301118248,0,-0.0949769031326468,-7.55896218998089,-4.03393005659086,-0.194098093324101,-34.6835606806367,-51.2845469077696,-0.645328792469968,-74.7184555991504,-52.4546499377343,-30.4636116033893,-2.08535709223293,-24.5834456361134,-19.4061045905321,-49.5796018493683,-9.29147201863998,-30.4147926050226,-1.37877015922959,-14.3586105996999,-53.8666607251047,-3.94108107867146,-10.4322912099086,-0.0180203220594422,-2.54413164525158,-9.88548198227306,-15.4701914298751
"Alistipes finegoldii",-7.36603633613868,-0.0949769031326468,0,-8.40590595511094,-8.19659258211709,-0.755551232883136,-64.580457270024,-82.2204901066323,-2.11758622568641,-131.615094910304,-93.2242240088394,-57.1593047420308,-4.07009785650769,-45.6897271186517,-31.8560102426668,-84.8908110248062,-16.1355894672831,-57.8449936663274,-3.5758534825809,-28.1860034955694,-83.0793740685134,-7.5653617684203,-20.7015075050308,-0.0510854708609259,-5.67618473592097,-20.7029406577121,-28.0567134461905
"Alistipes onderdonkii",-28.4898710388034,-7.55896218998089,-8.40590595511094,0,-31.276994351542,-11.9987562224094,-120.226667344495,-133.720992449103,-20.4445906357744,-205.591673656493,-155.991822963142,-110.073299584596,-19.4465652817325,-92.8136740249033,-65.33815334576,-141.970596770821,-42.3653298560307,-111.930779544639,-23.1649005240133,-68.1696894780416,-131.689091529443,-28.2016273281491,-55.6952659135604,-10.3360127519156,-27.059841516867,-57.9115848244696,-64.1987762408385
"Alistipes shahii",-0.00267433695285035,-4.03393005659086,-8.19659258211709,-31.276994351542,0,-2.93550288003644,-23.2630254519213,-40.3197742572763,-3.00798303951865,-69.3420681475752,-42.7559555969081,-18.8859911581449,-0.169871443429088,-13.1577494601352,-9.13278643327521,-39.0511211022847,-1.91782058807303,-18.8481539751483,-1.37312336563264,-4.47083007856872,-42.8004541471114,-0.00688680091809601,-1.9955497892538,-7.63077230823001,-0.318057554245343,-1.53872809758627,-5.59421292657635
"Odoribacter splanchnicus",-2.6486011202494,-0.194098093324101,-0.755551232883136,-11.9987562224094,-2.93550288003644,0,-37.712358864263,-55.2997130304707,-0.113192199138439,-85.7206670257467,-58.6222677416031,-32.7012637667942,-1.23694198195039,-25.619084793314,-19.0550199853271,-54.4640450891986,-8.22161248967541,-32.7686758459149,-0.590222351325338,-13.9723347771962,-57.6181542866632,-2.8665033348874,-9.58453210793436,-0.48595753270979,-1.55553180086736,-9.05404048512196,-15.0082209639229
"Parabacteroides distasonis",-21.8377963442199,-34.6835606806367,-64.580457270024,-120.226667344495,-23.2630254519213,-37.712358864263,0,-6.47378652415955,-56.677557639679,-17.5587244864207,-4.61734121925565,-0.323163610175698,-19.6047609732027,-1.51081304731906,-1.07093745128918,-4.18491011620017,-8.08173009283155,-0.438606394036469,-44.2147164786852,-9.70289419025039,-8.66046175176098,-19.0501453255094,-14.5264952815714,-67.2631309565938,-31.825562765154,-19.274310796136,-5.39114891451595
"Parabacteroides merdae",-38.52403772158,-51.2845469077696,-82.2204901066323,-133.720992449103,-40.3197742572763,-55.2997130304707,-6.47378652415955,0,-73.9273721641714,-0.77661387619537,-0.556751672316523,-9.0244575749,-34.8355513223095,-12.0616698206368,-9.2224964136185,-0.46827016642851,-21.0789412520858,-9.65825112018183,-62.2162017563612,-25.2579441220028,-0.207501512969657,-35.0463873928167,-31.0664426668754,-84.4583415504296,-49.6943372049304,-36.8650824667625,-18.3534772859471
"Prevotella copri",-2.60300990641554,-0.645328792469968,-2.11758622568641,-20.4445906357744,-3.00798303951865,-0.113192199138439,-56.677557639679,-73.9273721641714,0,-129.945597971483,-87.2019041756471,-48.8054469477531,-0.963611115879644,-36.8220513468077,-23.601670762765,-77.4859059801452,-9.48332028431025,-49.6357620024869,-0.315946481630363,-19.4962052888991,-74.4997165706976,-2.83147047970454,-12.6554524001754,-1.64050758740905,-1.35595833943557,-12.4475518184222,-19.6408467545743
"Bacteroides fragilis",-65.4233111902095,-74.7184555991504,-131.615094910304,-205.591673656493,-69.3420681475752,-85.7206670257467,-17.5587244864207,-0.77661387619537,-129.945597971483,0,-3.82886482678146,-22.6536557640093,-54.7684088738674,-27.2643185213585,-18.8053508332932,-3.25521088318033,-37.1671443177561,-24.2862479502423,-109.217637255932,-51.2788186283906,-0.105708065663748,-58.6805820439246,-60.1353827965597,-138.690840345312,-85.5045195367072,-73.6339791936571,-36.2948575858361
"Bacteroides cellulosilyticus",-40.2922007739141,-52.4546499377343,-93.2242240088394,-155.991822963142,-42.7559555969081,-58.6222677416031,-4.61734121925565,-0.556751672316523,-87.2019041756471,-3.82886482678146,0,-7.30945101895554,-34.8032928131285,-10.5825273301327,-7.36790527705807,-0.00119264026989185,-20.0085700840607,-8.02688901092301,-71.4240181949212,-26.2059458945478,-1.50763937404395,-35.8740679196823,-33.0664699263998,-97.4994427552883,-54.5401106958329,-41.2858377318248,-17.4600365253916
"Bacteroides stercoris",-17.7328130025485,-30.4636116033893,-57.1593047420308,-110.073299584596,-18.8859911581449,-32.7012637667942,-0.323163610175698,-9.0244575749,-48.8054469477531,-22.6536557640093,-7.30945101895554,0,-16.2425247368213,-0.471219900908409,-0.353263005509461,-6.57170716683777,-5.79014226075037,-0.00766709597792214,-37.5016522767025,-6.56083122754171,-11.4088996095517,-15.3722872524924,-10.7035236176996,-59.3367535499001,-26.493727320775,-14.5282841905137,-3.31854980129765
"Bacteroides uniformis",-0.137620858117884,-2.08535709223293,-4.07009785650769,-19.4465652817325,-0.169871443429088,-1.23694198195039,-19.6047609732027,-34.8355513223095,-0.963611115879644,-54.7684088738674,-34.8032928131285,-16.2425247368213,0,-11.9181844684384,-9.10571247328494,-32.6670929732206,-2.53016178887231,-16.1097091036767,-0.294549290919122,-4.78193871578185,-37.500753682857,-0.214040866834239,-2.58670940581203,-3.5738974431398,-0.00245379913019406,-2.14612297939766,-5.85158357244575
"Bacteroides thetaiotaomicron",-12.4160550656075,-24.5834456361134,-45.6897271186517,-92.8136740249033,-13.1577494601352,-25.619084793314,-1.51081304731906,-12.0616698206368,-36.8220513468077,-27.2643185213585,-10.5825273301327,-0.471219900908409,-11.9181844684384,0,-0.000157633920935041,-9.56183270453062,-3.26061022654653,-0.383374889826428,-27.7437644893766,-3.17671137166599,-14.5658946820175,-10.692009741612,-6.18585361544274,-46.9585019895026,-19.152818607789,-8.65514906268118,-1.31836487656551
"Bacteroides xylanisolvens",-8.80003163985407,-19.4061045905321,-31.8560102426668,-65.33815334576,-9.13278643327521,-19.0550199853271,-1.07093745128918,-9.2224964136185,-23.601670762765,-18.8053508332932,-7.36790527705807,-0.353263005509461,-9.10571247328494,-0.000157633920935041,0,-6.91005272163216,-2.34143693647866,-0.2892057257327,-18.2307423831624,-1.96880883657354,-11.4025357641507,-7.72961034372099,-3.94666668794684,-31.7976487569506,-13.0437266102724,-5.28114195382727,-0.853181204239263
"Bacteroides caccae",-36.9930359339764,-49.5796018493683,-84.8908110248062,-141.970596770821,-39.0511211022847,-54.4640450891986,-4.18491011620017,-0.46827016642851,-77.4859059801452,-3.25521088318033,-0.00119264026989185,-6.57170716683777,-32.6670929732206,-9.56183270453062,-6.91005272163216,0,-18.6192596028284,-7.17714665668882,-63.8850338649393,-23.3561657875334,-1.32609418228219,-33.162779696008,-29.5648076964874,-88.0538770586438,-49.4424355248584,-36.3008592999404,-15.9211045922948
"Bacteroides vulgatus",-1.88940759924378,-9.29147201863998,-16.1355894672831,-42.3653298560307,-1.91782058807303,-8.22161248967541,-8.08173009283155,-21.0789412520858,-9.48332028431025,-37.1671443177561,-20.0085700840607,-5.79014226075037,-2.53016178887231,-3.26061022654653,-2.34143693647866,-18.6192596028284,0,-5.628117892462,-6.42656694923676,-0.156779696377953,-23.689652391448,-1.5152936636116,-0.0477124221119993,-15.6550907155737,-3.74765523420945,-0.201741574488778,-0.571073846686659
"Barnesiella intestinihominis",-17.6623184685811,-30.4147926050226,-57.8449936663274,-111.930779544639,-18.8481539751483,-32.7686758459149,-0.438606394036469,-9.65825112018183,-49.6357620024869,-24.2862479502423,-8.02688901092301,-0.00766709597792214,-16.1097091036767,-0.383374889826428,-0.2892057257327,-7.17714665668882,-5.628117892462,0,-37.9521479240698,-6.40834953137846,-12.0940222572124,-15.2593149574193,-10.6001656677263,-60.1996266589774,-26.6112469428899,-14.5311183230851,-3.16227937630151
"Akkermansia muciniphila",-1.17447310980174,-1.37877015922959,-3.5758534825809,-23.1649005240133,-1.37312336563264,-0.590222351325338,-44.2147164786852,-62.2162017563612,-0.315946481630363,-109.217637255932,-71.4240181949212,-37.5016522767025,-0.294549290919122,-27.7437644893766,-18.2307423831624,-63.8850338649393,-6.42656694923676,-37.9521479240698,0,-13.326656529538,-63.6127105612065,-1.36896849951358,-8.09927607304917,-3.03953645104002,-0.364193539942335,-7.6179389391059,-14.1152994985055
"Dialister invivus",-4.25578609565082,-14.3586105996999,-28.1860034955694,-68.1696894780416,-4.47083007856872,-13.9723347771962,-9.70289419025039,-25.2579441220028,-19.4962052888991,-51.2788186283906,-26.2059458945478,-6.56083122754171,-4.78193871578185,-3.17671137166599,-1.96880883657354,-23.3561657875334,-0.156779696377953,-6.40834953137846,-13.326656529538,0,-27.8992207412103,-3.45417289872057,-0.58214167019014,-28.5095492640955,-7.99237534094823,-1.2322674884158,-0.223747365258305
"Phascolarctobacterium species",-41.0755101905343,-53.8666607251047,-83.0793740685134,-131.689091529443,-42.8004541471114,-57.6181542866632,-8.66046175176098,-0.207501512969657,-74.4997165706976,-0.105708065663748,-1.50763937404395,-11.4088996095517,-37.500753682857,-14.5658946820175,-11.4025357641507,-1.32609418228219,-23.689652391448,-12.0940222572124,-63.6127105612065,-27.8992207412103,0,-37.6755393112001,-33.6224588903785,-84.9161147060021,-51.8375446675254,-39.158627390129,-20.9809182561721
"Eubacterium eligens",-0.0137524835140539,-3.94108107867146,-7.5653617684203,-28.2016273281491,-0.00688680091809601,-2.8665033348874,-19.0501453255094,-35.0463873928167,-2.83147047970454,-58.6805820439246,-35.8740679196823,-15.3722872524924,-0.214040866834239,-10.692009741612,-7.72961034372099,-33.162779696008,-1.5152936636116,-15.2593149574193,-1.36896849951358,-3.45417289872057,-37.6755393112001,0,-1.47534208964555,-6.99629276613757,-0.370654851588142,-1.0866494383481,-4.50283953458927
"Eubacterium rectale",-1.93323940866412,-10.4322912099086,-20.7015075050308,-55.6952659135604,-1.9955497892538,-9.58453210793436,-14.5264952815714,-31.0664426668754,-12.6554524001754,-60.1353827965597,-33.0664699263998,-10.7035236176996,-2.58670940581203,-6.18585361544274,-3.94666668794684,-29.5648076964874,-0.0477124221119993,-10.6001656677263,-8.09927607304917,-0.58214167019014,-33.6224588903785,-1.47534208964555,0,-20.5901705323874,-4.34627154705277,-0.0793651475287334,-1.3268835495594
"Oscillibacter species",-6.79596814858041,-0.0180203220594422,-0.0510854708609259,-10.3360127519156,-7.63077230823001,-0.48595753270979,-67.2631309565938,-84.4583415504296,-1.64050758740905,-138.690840345312,-97.4994427552883,-59.3367535499001,-3.5738974431398,-46.9585019895026,-31.7976487569506,-88.0538770586438,-15.6550907155737,-60.1996266589774,-3.03953645104002,-28.5095492640955,-84.9161147060021,-6.99629276613757,-20.5901705323874,0,-5.10932452536213,-20.7112042085651,-28.1200173519098
"Ruminococcus bromii",-0.255929379490453,-2.54413164525158,-5.67618473592097,-27.059841516867,-0.318057554245343,-1.55553180086736,-31.825562765154,-49.6943372049304,-1.35595833943557,-85.5045195367072,-54.5401106958329,-26.493727320775,-0.00245379913019406,-19.152818607789,-13.0437266102724,-49.4424355248584,-3.74765523420945,-26.6112469428899,-0.364193539942335,-7.99237534094823,-51.8375446675254,-0.370654851588142,-4.34627154705277,-5.10932452536213,0,-3.79937989509881,-9.10675490175413
"Ruminococcus bicirculans",-1.49410647074342,-9.88548198227306,-20.7029406577121,-57.9115848244696,-1.53872809758627,-9.05404048512196,-19.274310796136,-36.8650824667625,-12.4475518184222,-73.6339791936571,-41.2858377318248,-14.5282841905137,-2.14612297939766,-8.65514906268118,-5.28114195382727,-36.3008592999404,-0.201741574488778,-14.5311183230851,-7.6179389391059,-1.2322674884158,-39.158627390129,-1.0866494383481,-0.0793651475287334,-20.7112042085651,-3.79937989509881,0,-2.18297501223037
"Faecalibacterium prausnitzii",-5.36115780282648,-15.4701914298751,-28.0567134461905,-64.1987762408385,-5.59421292657635,-15.0082209639229,-5.39114891451595,-18.3534772859471,-19.6408467545743,-36.2948575858361,-17.4600365253916,-3.31854980129765,-5.85158357244575,-1.31836487656551,-0.853181204239263,-15.9211045922948,-0.571073846686659,-3.16227937630151,-14.1152994985055,-0.223747365258305,-20.9809182561721,-4.50283953458927,-1.3268835495594,-28.1200173519098,-9.10675490175413,-2.18297501223037,0
